10
0 0 0
0 1 4.24264
0 2 2.23607
0 3 3.16228
0 4 4
0 5 1.41421
0 6 1
0 7 2.23607
0 8 6.40312
0 9 3
1 0 4.24264
1 1 0
1 2 4.12311
1 3 7.2111
1 4 7.61577
1 5 4.47214
1 6 5
1 7 6.40312
1 8 7.28011
1 9 3
2 0 2.23607
2 1 4.12311
2 2 0
2 3 5
2 4 6.08276
2 5 1
2 6 2
2 7 3.16228
2 8 4.24264
2 9 1.41421
3 0 3.16228
3 1 7.2111
3 2 5
3 3 0
3 4 1.41421
3 5 4
3 6 3
3 7 2.23607
3 8 8.544
3 9 6.08276
4 0 4
4 1 7.61577
4 2 6.08276
4 3 1.41421
4 4 0
4 5 5.09902
4 6 4.12311
4 7 3.60555
4 8 9.84886
4 9 7
5 0 1.41421
5 1 4.47214
5 2 1
5 3 4
5 4 5.09902
5 5 0
5 6 1
5 7 2.23607
5 8 5
5 9 2.23607
6 0 1
6 1 5
6 2 2
6 3 3
6 4 4.12311
6 5 1
6 6 0
6 7 1.41421
6 8 5.83095
6 9 3.16228
7 0 2.23607
7 1 6.40312
7 2 3.16228
7 3 2.23607
7 4 3.60555
7 5 2.23607
7 6 1.41421
7 7 0
7 8 6.32456
7 9 4.47214
8 0 6.40312
8 1 7.28011
8 2 4.24264
8 3 8.544
8 4 9.84886
8 5 5
8 6 5.83095
8 7 6.32456
8 8 0
8 9 4.47214
9 0 3
9 1 3
9 2 1.41421
9 3 6.08276
9 4 7
9 5 2.23607
9 6 3.16228
9 7 4.47214
9 8 4.47214
9 9 0
5.89256
